[[effects]]
type = "biquad"
b0 = 0.07
b1 = 0.6299999999999997
b2 = 1.0
a0 = 0.69
a1 = 0.82
a2 = 0.6799999999999999

